0.0000000000e+00 -3.6696919678e-03 1.0008542317e+00 -4.1255376482e-05 5.7201219949e-06
1.2040133779e+00 -3.6709151985e-03 1.0011878498e+00 -4.1269128274e-05 5.7220287022e-06
2.4080267559e+00 -3.6721384291e-03 1.0015214679e+00 -4.1282880066e-05 5.7239354096e-06
3.6120401338e+00 -3.6733616598e-03 1.0018550859e+00 -4.1296631858e-05 5.7258421169e-06
4.8160535117e+00 -3.6745848904e-03 1.0021887040e+00 -4.1310383650e-05 5.7277488242e-06
6.0200668896e+00 -3.6758081211e-03 1.0025223221e+00 -4.1324135443e-05 5.7296555316e-06
7.2240802676e+00 -3.6770313517e-03 1.0028559402e+00 -4.1337887235e-05 5.7315622389e-06
8.4280936455e+00 -3.6782545824e-03 1.0031895582e+00 -4.1351639027e-05 5.7334689462e-06
9.6321070234e+00 -3.6794778130e-03 1.0035231763e+00 -4.1365390819e-05 5.7353756536e-06
1.0836120401e+01 -3.6807010437e-03 1.0038567944e+00 -4.1379142611e-05 5.7372823609e-06
1.2040133779e+01 -3.6819242744e-03 1.0041904125e+00 -4.1392894403e-05 5.7391890682e-06
1.3244147157e+01 -3.6831475050e-03 1.0045240305e+00 -4.1406646195e-05 5.7410957755e-06
1.4448160535e+01 -3.6843707357e-03 1.0048576486e+00 -4.1420397988e-05 5.7430024829e-06
1.5652173913e+01 -3.6855939663e-03 1.0051912667e+00 -4.1434149780e-05 5.7449091902e-06
1.6856187291e+01 -3.6868171970e-03 1.0055248848e+00 -4.1447901572e-05 5.7468158975e-06
1.8060200669e+01 -3.6880404276e-03 1.0058585029e+00 -4.1461653364e-05 5.7487226049e-06
1.9264214047e+01 -3.6892636583e-03 1.0061921209e+00 -4.1475405156e-05 5.7506293122e-06
2.0468227425e+01 -3.6904868890e-03 1.0065257390e+00 -4.1489156948e-05 5.7525360195e-06
2.1672240803e+01 -3.6917101196e-03 1.0068593571e+00 -4.1502908741e-05 5.7544427269e-06
2.2876254181e+01 -3.6929333503e-03 1.0071929752e+00 -4.1516660533e-05 5.7563494342e-06
2.4080267559e+01 -3.6941565809e-03 1.0075265932e+00 -4.1530412325e-05 5.7582561415e-06
2.5284280936e+01 -3.6953798116e-03 1.0078602113e+00 -4.1544164117e-05 5.7601628489e-06
2.6488294314e+01 -3.6966030422e-03 1.0081938294e+00 -4.1557915909e-05 5.7620695562e-06
2.7692307692e+01 -3.6978262729e-03 1.0085274475e+00 -4.1571667701e-05 5.7639762635e-06
2.8896321070e+01 -3.6990495035e-03 1.0088610656e+00 -4.1585419494e-05 5.7658829709e-06
3.0100334448e+01 -3.7002727342e-03 1.0091946836e+00 -4.1599171286e-05 5.7677896782e-06
3.1304347826e+01 -3.7014959649e-03 1.0095283017e+00 -4.1612923078e-05 5.7696963855e-06
3.2508361204e+01 -3.7027191955e-03 1.0098619198e+00 -4.1626674870e-05 5.7716030929e-06
3.3712374582e+01 -3.7039424262e-03 1.0101955379e+00 -4.1640426662e-05 5.7735098002e-06
3.4916387960e+01 -3.7051656568e-03 1.0105291559e+00 -4.1654178454e-05 5.7754165075e-06
3.6120401338e+01 -3.7063888875e-03 1.0108627740e+00 -4.1667930247e-05 5.7773232148e-06
3.7324414716e+01 -3.7076121181e-03 1.0111963921e+00 -4.1681682039e-05 5.7792299222e-06
3.8528428094e+01 -3.7088353488e-03 1.0115300102e+00 -4.1695433831e-05 5.7811366295e-06
3.9732441472e+01 -3.7100585794e-03 1.0118636282e+00 -4.1709185623e-05 5.7830433368e-06
4.0936454849e+01 -3.7112818101e-03 1.0121972463e+00 -4.1722937415e-05 5.7849500442e-06
4.2140468227e+01 -3.7125050408e-03 1.0125308644e+00 -4.1736689207e-05 5.7868567515e-06
4.3344481605e+01 -3.7137282714e-03 1.0128644825e+00 -4.1750440999e-05 5.7887634588e-06
4.4548494983e+01 -3.7149515021e-03 1.0131981006e+00 -4.1764192792e-05 5.7906701662e-06
4.5752508361e+01 -3.7161747327e-03 1.0135317186e+00 -4.1777944584e-05 5.7925768735e-06
4.6956521739e+01 -3.7173979634e-03 1.0138653367e+00 -4.1791696376e-05 5.7944835808e-06
4.8160535117e+01 -3.7186211940e-03 1.0141989548e+00 -4.1805448168e-05 5.7963902882e-06
4.9364548495e+01 -3.7198444247e-03 1.0145325729e+00 -4.1819199960e-05 5.7982969955e-06
5.0568561873e+01 -3.7210676553e-03 1.0148661909e+00 -4.1832951752e-05 5.8002037028e-06
5.1772575251e+01 -3.7222908860e-03 1.0151998090e+00 -4.1846703545e-05 5.8021104102e-06
5.2976588629e+01 -3.7235141167e-03 1.0155334271e+00 -4.1860455337e-05 5.8040171175e-06
5.4180602007e+01 -3.7247373473e-03 1.0158670452e+00 -4.1874207129e-05 5.8059238248e-06
5.5384615385e+01 -3.7259605780e-03 1.0162006633e+00 -4.1887958921e-05 5.8078305322e-06
5.6588628763e+01 -3.7271838086e-03 1.0165342813e+00 -4.1901710713e-05 5.8097372395e-06
5.7792642140e+01 -3.7284070393e-03 1.0168678994e+00 -4.1915462505e-05 5.8116439468e-06
5.8996655518e+01 -3.7296302699e-03 1.0172015175e+00 -4.1929214298e-05 5.8135506542e-06
6.0200668896e+01 -3.7308535006e-03 1.0175351356e+00 -4.1942966090e-05 5.8154573615e-06
6.1404682274e+01 -3.7320767313e-03 1.0178687536e+00 -4.1956717882e-05 5.8173640688e-06
6.2608695652e+01 -3.7332999619e-03 1.0182023717e+00 -4.1970469674e-05 5.8192707761e-06
6.3812709030e+01 -3.7345231926e-03 1.0185359898e+00 -4.1984221466e-05 5.8211774835e-06
6.5016722408e+01 -3.7357464232e-03 1.0188696079e+00 -4.1997973258e-05 5.8230841908e-06
6.6220735786e+01 -3.7369696539e-03 1.0192032259e+00 -4.2011725051e-05 5.8249908981e-06
6.7424749164e+01 -3.7381928845e-03 1.0195368440e+00 -4.2025476843e-05 5.8268976055e-06
6.8628762542e+01 -3.7394161152e-03 1.0198704621e+00 -4.2039228635e-05 5.8288043128e-06
6.9832775920e+01 -3.7406393458e-03 1.0202040802e+00 -4.2052980427e-05 5.8307110201e-06
7.1036789298e+01 -3.7418625765e-03 1.0205376983e+00 -4.2066732219e-05 5.8326177275e-06
7.2240802676e+01 -3.7430858072e-03 1.0208713163e+00 -4.2080484011e-05 5.8345244348e-06
7.3444816054e+01 -3.7443090378e-03 1.0212049344e+00 -4.2094235803e-05 5.8364311421e-06
7.4648829431e+01 -3.7455322685e-03 1.0215385525e+00 -4.2107987596e-05 5.8383378495e-06
7.5852842809e+01 -3.7467554991e-03 1.0218721706e+00 -4.2121739388e-05 5.8402445568e-06
7.7056856187e+01 -3.7479787298e-03 1.0222057886e+00 -4.2135491180e-05 5.8421512641e-06
7.8260869565e+01 -3.7492019604e-03 1.0225394067e+00 -4.2149242972e-05 5.8440579715e-06
7.9464882943e+01 -3.7504251911e-03 1.0228730248e+00 -4.2162994764e-05 5.8459646788e-06
8.0668896321e+01 -3.7516484217e-03 1.0232066429e+00 -4.2176746556e-05 5.8478713861e-06
8.1872909699e+01 -3.7528716524e-03 1.0235402610e+00 -4.2190498349e-05 5.8497780935e-06
8.3076923077e+01 -3.7540948831e-03 1.0238738790e+00 -4.2204250141e-05 5.8516848008e-06
8.4280936455e+01 -3.7553181137e-03 1.0242074971e+00 -4.2218001933e-05 5.8535915081e-06
8.5484949833e+01 -3.7565413444e-03 1.0245411152e+00 -4.2231753725e-05 5.8554982154e-06
8.6688963211e+01 -3.7577645750e-03 1.0248747333e+00 -4.2245505517e-05 5.8574049228e-06
8.7892976589e+01 -3.7589878057e-03 1.0252083513e+00 -4.2259257309e-05 5.8593116301e-06
8.9096989967e+01 -3.7602110363e-03 1.0255419694e+00 -4.2273009102e-05 5.8612183374e-06
9.0301003344e+01 -3.7614342670e-03 1.0258755875e+00 -4.2286760894e-05 5.8631250448e-06
9.1505016722e+01 -3.7626574977e-03 1.0262092056e+00 -4.2300512686e-05 5.8650317521e-06
9.2709030100e+01 -3.7638807283e-03 1.0265428236e+00 -4.2314264478e-05 5.8669384594e-06
9.3913043478e+01 -3.7651039590e-03 1.0268764417e+00 -4.2328016270e-05 5.8688451668e-06
9.5117056856e+01 -3.7663271896e-03 1.0272100598e+00 -4.2341768062e-05 5.8707518741e-06
9.6321070234e+01 -3.7675504203e-03 1.0275436779e+00 -4.2355519855e-05 5.8726585814e-06
9.7525083612e+01 -3.7687736509e-03 1.0278772960e+00 -4.2369271647e-05 5.8745652888e-06
9.8729096990e+01 -3.7699968816e-03 1.0282109140e+00 -4.2383023439e-05 5.8764719961e-06
9.9933110368e+01 -3.7712201122e-03 1.0285445321e+00 -4.2396775231e-05 5.8783787034e-06
1.0113712375e+02 -3.7724433429e-03 1.0288781502e+00 -4.2410527023e-05 5.8802854108e-06
1.0234113712e+02 -3.7736665736e-03 1.0292117683e+00 -4.2424278815e-05 5.8821921181e-06
1.0354515050e+02 -3.7748898042e-03 1.0295453863e+00 -4.2438030608e-05 5.8840988254e-06
1.0474916388e+02 -3.7761130349e-03 1.0298790044e+00 -4.2451782400e-05 5.8860055328e-06
1.0595317726e+02 -3.7773362655e-03 1.0302126225e+00 -4.2465534192e-05 5.8879122401e-06
1.0715719064e+02 -3.7785594962e-03 1.0305462406e+00 -4.2479285984e-05 5.8898189474e-06
1.0836120401e+02 -3.7797827268e-03 1.0308798587e+00 -4.2493037776e-05 5.8917256547e-06
1.0956521739e+02 -3.7810059575e-03 1.0312134767e+00 -4.2506789568e-05 5.8936323621e-06
1.1076923077e+02 -3.7822291881e-03 1.0315470948e+00 -4.2520541360e-05 5.8955390694e-06
1.1197324415e+02 -3.7834524188e-03 1.0318807129e+00 -4.2534293153e-05 5.8974457767e-06
1.1317725753e+02 -3.7846756495e-03 1.0322143310e+00 -4.2548044945e-05 5.8993524841e-06
1.1438127090e+02 -3.7858988801e-03 1.0325479490e+00 -4.2561796737e-05 5.9012591914e-06
1.1558528428e+02 -3.7871221108e-03 1.0328815671e+00 -4.2575548529e-05 5.9031658987e-06
1.1678929766e+02 -3.7883453414e-03 1.0332151852e+00 -4.2589300321e-05 5.9050726061e-06
1.1799331104e+02 -3.7895685721e-03 1.0335488033e+00 -4.2603052113e-05 5.9069793134e-06
1.1919732441e+02 -3.7907918027e-03 1.0338824213e+00 -4.2616803906e-05 5.9088860207e-06
1.2040133779e+02 -3.7920150334e-03 1.0342160394e+00 -4.2630555698e-05 5.9107927281e-06
1.2160535117e+02 -3.7932382640e-03 1.0345496575e+00 -4.2644307490e-05 5.9126994354e-06
1.2280936455e+02 -3.7944614947e-03 1.0348832756e+00 -4.2658059282e-05 5.9146061427e-06
1.2401337793e+02 -3.7956847254e-03 1.0352168937e+00 -4.2671811074e-05 5.9165128501e-06
1.2521739130e+02 -3.7969079560e-03 1.0355505117e+00 -4.2685562866e-05 5.9184195574e-06
1.2642140468e+02 -3.7981311867e-03 1.0358841298e+00 -4.2699314659e-05 5.9203262647e-06
1.2762541806e+02 -3.7993544173e-03 1.0362177479e+00 -4.2713066451e-05 5.9222329721e-06
1.2882943144e+02 -3.8005776480e-03 1.0365513660e+00 -4.2726818243e-05 5.9241396794e-06
1.3003344482e+02 -3.8018008786e-03 1.0368849840e+00 -4.2740570035e-05 5.9260463867e-06
1.3123745819e+02 -3.8030241093e-03 1.0372186021e+00 -4.2754321827e-05 5.9279530940e-06
1.3244147157e+02 -3.8042473400e-03 1.0375522202e+00 -4.2768073619e-05 5.9298598014e-06
1.3364548495e+02 -3.8054705706e-03 1.0378858383e+00 -4.2781825412e-05 5.9317665087e-06
1.3484949833e+02 -3.8066938013e-03 1.0382194564e+00 -4.2795577204e-05 5.9336732160e-06
1.3605351171e+02 -3.8079170319e-03 1.0385530744e+00 -4.2809328996e-05 5.9355799234e-06
1.3725752508e+02 -3.8091402626e-03 1.0388866925e+00 -4.2823080788e-05 5.9374866307e-06
1.3846153846e+02 -3.8103634932e-03 1.0392203106e+00 -4.2836832580e-05 5.9393933380e-06
1.3966555184e+02 -3.8115867239e-03 1.0395539287e+00 -4.2850584372e-05 5.9413000454e-06
1.4086956522e+02 -3.8128099545e-03 1.0398875467e+00 -4.2864336164e-05 5.9432067527e-06
1.4207357860e+02 -3.8140331852e-03 1.0402211648e+00 -4.2878087957e-05 5.9451134600e-06
1.4327759197e+02 -3.8152564159e-03 1.0405547829e+00 -4.2891839749e-05 5.9470201674e-06
1.4448160535e+02 -3.8164796465e-03 1.0408884010e+00 -4.2905591541e-05 5.9489268747e-06
1.4568561873e+02 -3.8177028772e-03 1.0412220190e+00 -4.2919343333e-05 5.9508335820e-06
1.4688963211e+02 -3.8189261078e-03 1.0415556371e+00 -4.2933095125e-05 5.9527402894e-06
1.4809364548e+02 -3.8201493385e-03 1.0418892552e+00 -4.2946846917e-05 5.9546469967e-06
1.4929765886e+02 -3.8213725691e-03 1.0422228733e+00 -4.2960598710e-05 5.9565537040e-06
1.5050167224e+02 -3.8225957998e-03 1.0425564914e+00 -4.2974350502e-05 5.9584604114e-06
1.5170568562e+02 -3.8238190304e-03 1.0428901094e+00 -4.2988102294e-05 5.9603671187e-06
1.5290969900e+02 -3.8250422611e-03 1.0432237275e+00 -4.3001854086e-05 5.9622738260e-06
1.5411371237e+02 -3.8262654918e-03 1.0435573456e+00 -4.3015605878e-05 5.9641805333e-06
1.5531772575e+02 -3.8274887224e-03 1.0438909637e+00 -4.3029357670e-05 5.9660872407e-06
1.5652173913e+02 -3.8287119531e-03 1.0442245817e+00 -4.3043109463e-05 5.9679939480e-06
1.5772575251e+02 -3.8299351837e-03 1.0445581998e+00 -4.3056861255e-05 5.9699006553e-06
1.5892976589e+02 -3.8311584144e-03 1.0448918179e+00 -4.3070613047e-05 5.9718073627e-06
1.6013377926e+02 -3.8323816450e-03 1.0452254360e+00 -4.3084364839e-05 5.9737140700e-06
1.6133779264e+02 -3.8336048757e-03 1.0455590540e+00 -4.3098116631e-05 5.9756207773e-06
1.6254180602e+02 -3.8348281064e-03 1.0458926721e+00 -4.3111868423e-05 5.9775274847e-06
1.6374581940e+02 -3.8360513370e-03 1.0462262902e+00 -4.3125620216e-05 5.9794341920e-06
1.6494983278e+02 -3.8372745677e-03 1.0465599083e+00 -4.3139372008e-05 5.9813408993e-06
1.6615384615e+02 -3.8384977983e-03 1.0468935264e+00 -4.3153123800e-05 5.9832476067e-06
1.6735785953e+02 -3.8397210290e-03 1.0472271444e+00 -4.3166875592e-05 5.9851543140e-06
1.6856187291e+02 -3.8409442596e-03 1.0475607625e+00 -4.3180627384e-05 5.9870610213e-06
1.6976588629e+02 -3.8421674903e-03 1.0478943806e+00 -4.3194379176e-05 5.9889677287e-06
1.7096989967e+02 -3.8433907209e-03 1.0482279987e+00 -4.3208130969e-05 5.9908744360e-06
1.7217391304e+02 -3.8446139516e-03 1.0485616167e+00 -4.3221882761e-05 5.9927811433e-06
1.7337792642e+02 -3.8458371823e-03 1.0488952348e+00 -4.3235634553e-05 5.9946878507e-06
1.7458193980e+02 -3.8470604129e-03 1.0492288529e+00 -4.3249386345e-05 5.9965945580e-06
1.7578595318e+02 -3.8482836436e-03 1.0495624710e+00 -4.3263138137e-05 5.9985012653e-06
1.7698996656e+02 -3.8495068742e-03 1.0498960891e+00 -4.3276889929e-05 6.0004079727e-06
1.7819397993e+02 -3.8507301049e-03 1.0502297071e+00 -4.3290641721e-05 6.0023146800e-06
1.7939799331e+02 -3.8519533355e-03 1.0505633252e+00 -4.3304393514e-05 6.0042213873e-06
1.8060200669e+02 -3.8531765662e-03 1.0508969433e+00 -4.3318145306e-05 6.0061280946e-06
1.8180602007e+02 -3.8543997968e-03 1.0512305614e+00 -4.3331897098e-05 6.0080348020e-06
1.8301003344e+02 -3.8556230275e-03 1.0515641794e+00 -4.3345648890e-05 6.0099415093e-06
1.8421404682e+02 -3.8568462582e-03 1.0518977975e+00 -4.3359400682e-05 6.0118482166e-06
1.8541806020e+02 -3.8580694888e-03 1.0522314156e+00 -4.3373152474e-05 6.0137549240e-06
1.8662207358e+02 -3.8592927195e-03 1.0525650337e+00 -4.3386904267e-05 6.0156616313e-06
1.8782608696e+02 -3.8605159501e-03 1.0528986517e+00 -4.3400656059e-05 6.0175683386e-06
1.8903010033e+02 -3.8617391808e-03 1.0532322698e+00 -4.3414407851e-05 6.0194750460e-06
1.9023411371e+02 -3.8629624114e-03 1.0535658879e+00 -4.3428159643e-05 6.0213817533e-06
1.9143812709e+02 -3.8641856421e-03 1.0538995060e+00 -4.3441911435e-05 6.0232884606e-06
1.9264214047e+02 -3.8654088727e-03 1.0542331241e+00 -4.3455663227e-05 6.0251951680e-06
1.9384615385e+02 -3.8666321034e-03 1.0545667421e+00 -4.3469415020e-05 6.0271018753e-06
1.9505016722e+02 -3.8678553341e-03 1.0549003602e+00 -4.3483166812e-05 6.0290085826e-06
1.9625418060e+02 -3.8690785647e-03 1.0552339783e+00 -4.3496918604e-05 6.0309152900e-06
1.9745819398e+02 -3.8703017954e-03 1.0555675964e+00 -4.3510670396e-05 6.0328219973e-06
1.9866220736e+02 -3.8715250260e-03 1.0559012144e+00 -4.3524422188e-05 6.0347287046e-06
1.9986622074e+02 -3.8727482567e-03 1.0562348325e+00 -4.3538173980e-05 6.0366354120e-06
2.0107023411e+02 -3.8739714873e-03 1.0565684506e+00 -4.3551925773e-05 6.0385421193e-06
2.0227424749e+02 -3.8751947180e-03 1.0569020687e+00 -4.3565677565e-05 6.0404488266e-06
2.0347826087e+02 -3.8764179487e-03 1.0572356868e+00 -4.3579429357e-05 6.0423555339e-06
2.0468227425e+02 -3.8776411793e-03 1.0575693048e+00 -4.3593181149e-05 6.0442622413e-06
2.0588628763e+02 -3.8788644100e-03 1.0579029229e+00 -4.3606932941e-05 6.0461689486e-06
2.0709030100e+02 -3.8800876406e-03 1.0582365410e+00 -4.3620684733e-05 6.0480756559e-06
2.0829431438e+02 -3.8813108713e-03 1.0585701591e+00 -4.3634436525e-05 6.0499823633e-06
2.0949832776e+02 -3.8825341019e-03 1.0589037771e+00 -4.3648188318e-05 6.0518890706e-06
2.1070234114e+02 -3.8837573326e-03 1.0592373952e+00 -4.3661940110e-05 6.0537957779e-06
2.1190635452e+02 -3.8849805632e-03 1.0595710133e+00 -4.3675691902e-05 6.0557024853e-06
2.1311036789e+02 -3.8862037939e-03 1.0599046314e+00 -4.3689443694e-05 6.0576091926e-06
2.1431438127e+02 -3.8874270246e-03 1.0602382494e+00 -4.3703195486e-05 6.0595158999e-06
2.1551839465e+02 -3.8886502552e-03 1.0605718675e+00 -4.3716947278e-05 6.0614226073e-06
2.1672240803e+02 -3.8898734859e-03 1.0609054856e+00 -4.3730699071e-05 6.0633293146e-06
2.1792642140e+02 -3.8910967165e-03 1.0612391037e+00 -4.3744450863e-05 6.0652360219e-06
2.1913043478e+02 -3.8923199472e-03 1.0615727218e+00 -4.3758202655e-05 6.0671427293e-06
2.2033444816e+02 -3.8935431778e-03 1.0619063398e+00 -4.3771954447e-05 6.0690494366e-06
2.2153846154e+02 -3.8947664085e-03 1.0622399579e+00 -4.3785706239e-05 6.0709561439e-06
2.2274247492e+02 -3.8959896391e-03 1.0625735760e+00 -4.3799458031e-05 6.0728628513e-06
2.2394648829e+02 -3.8972128698e-03 1.0629071941e+00 -4.3813209824e-05 6.0747695586e-06
2.2515050167e+02 -3.8984361005e-03 1.0632408121e+00 -4.3826961616e-05 6.0766762659e-06
2.2635451505e+02 -3.8996593311e-03 1.0635744302e+00 -4.3840713408e-05 6.0785829732e-06
2.2755852843e+02 -3.9008825618e-03 1.0639080483e+00 -4.3854465200e-05 6.0804896806e-06
2.2876254181e+02 -3.9021057924e-03 1.0642416664e+00 -4.3868216992e-05 6.0823963879e-06
2.2996655518e+02 -3.9033290231e-03 1.0645752845e+00 -4.3881968784e-05 6.0843030952e-06
2.3117056856e+02 -3.9045522537e-03 1.0649089025e+00 -4.3895720577e-05 6.0862098026e-06
2.3237458194e+02 -3.9057754844e-03 1.0652425206e+00 -4.3909472369e-05 6.0881165099e-06
2.3357859532e+02 -3.9069987151e-03 1.0655761387e+00 -4.3923224161e-05 6.0900232172e-06
2.3478260870e+02 -3.9082219457e-03 1.0659097568e+00 -4.3936975953e-05 6.0919299246e-06
2.3598662207e+02 -3.9094451764e-03 1.0662433748e+00 -4.3950727745e-05 6.0938366319e-06
2.3719063545e+02 -3.9106684070e-03 1.0665769929e+00 -4.3964479537e-05 6.0957433392e-06
2.3839464883e+02 -3.9118916377e-03 1.0669106110e+00 -4.3978231329e-05 6.0976500466e-06
2.3959866221e+02 -3.9131148683e-03 1.0672442291e+00 -4.3991983122e-05 6.0995567539e-06
2.4080267559e+02 -3.9143380990e-03 1.0675778471e+00 -4.4005734914e-05 6.1014634612e-06
2.4200668896e+02 -3.9155613296e-03 1.0679114652e+00 -4.4019486706e-05 6.1033701686e-06
2.4321070234e+02 -3.9167845603e-03 1.0682450833e+00 -4.4033238498e-05 6.1052768759e-06
2.4441471572e+02 -3.9180077910e-03 1.0685787014e+00 -4.4046990290e-05 6.1071835832e-06
2.4561872910e+02 -3.9192310216e-03 1.0689123195e+00 -4.4060742082e-05 6.1090902906e-06
2.4682274247e+02 -3.9204542523e-03 1.0692459375e+00 -4.4074493875e-05 6.1109969979e-06
2.4802675585e+02 -3.9216774829e-03 1.0695795556e+00 -4.4088245667e-05 6.1129037052e-06
2.4923076923e+02 -3.9229007136e-03 1.0699131737e+00 -4.4101997459e-05 6.1148104125e-06
2.5043478261e+02 -3.9241239442e-03 1.0702467918e+00 -4.4115749251e-05 6.1167171199e-06
2.5163879599e+02 -3.9253471749e-03 1.0705804098e+00 -4.4129501043e-05 6.1186238272e-06
2.5284280936e+02 -3.9265704055e-03 1.0709140279e+00 -4.4143252835e-05 6.1205305345e-06
2.5404682274e+02 -3.9277936362e-03 1.0712476460e+00 -4.4157004628e-05 6.1224372419e-06
2.5525083612e+02 -3.9290168669e-03 1.0715812641e+00 -4.4170756420e-05 6.1243439492e-06
2.5645484950e+02 -3.9302400975e-03 1.0719148822e+00 -4.4184508212e-05 6.1262506565e-06
2.5765886288e+02 -3.9314633282e-03 1.0722485002e+00 -4.4198260004e-05 6.1281573639e-06
2.5886287625e+02 -3.9326865588e-03 1.0725821183e+00 -4.4212011796e-05 6.1300640712e-06
2.6006688963e+02 -3.9339097895e-03 1.0729157364e+00 -4.4225763588e-05 6.1319707785e-06
2.6127090301e+02 -3.9351330201e-03 1.0732493545e+00 -4.4239515381e-05 6.1338774859e-06
2.6247491639e+02 -3.9363562508e-03 1.0735829725e+00 -4.4253267173e-05 6.1357841932e-06
2.6367892977e+02 -3.9375794814e-03 1.0739165906e+00 -4.4267018965e-05 6.1376909005e-06
2.6488294314e+02 -3.9388027121e-03 1.0742502087e+00 -4.4280770757e-05 6.1395976079e-06
2.6608695652e+02 -3.9400259428e-03 1.0745838268e+00 -4.4294522549e-05 6.1415043152e-06
2.6729096990e+02 -3.9412491734e-03 1.0749174448e+00 -4.4308274341e-05 6.1434110225e-06
2.6849498328e+02 -3.9424724041e-03 1.0752510629e+00 -4.4322026134e-05 6.1453177299e-06
2.6969899666e+02 -3.9436956347e-03 1.0755846810e+00 -4.4335777926e-05 6.1472244372e-06
2.7090301003e+02 -3.9449188654e-03 1.0759182991e+00 -4.4349529718e-05 6.1491311445e-06
2.7210702341e+02 -3.9461420960e-03 1.0762519172e+00 -4.4363281510e-05 6.1510378518e-06
2.7331103679e+02 -3.9473653267e-03 1.0765855352e+00 -4.4377033302e-05 6.1529445592e-06
2.7451505017e+02 -3.9485885574e-03 1.0769191533e+00 -4.4390785094e-05 6.1548512665e-06
2.7571906355e+02 -3.9498117880e-03 1.0772527714e+00 -4.4404536886e-05 6.1567579738e-06
2.7692307692e+02 -3.9510350187e-03 1.0775863895e+00 -4.4418288679e-05 6.1586646812e-06
2.7812709030e+02 -3.9522582493e-03 1.0779200075e+00 -4.4432040471e-05 6.1605713885e-06
2.7933110368e+02 -3.9534814800e-03 1.0782536256e+00 -4.4445792263e-05 6.1624780958e-06
2.8053511706e+02 -3.9547047106e-03 1.0785872437e+00 -4.4459544055e-05 6.1643848032e-06
2.8173913043e+02 -3.9559279413e-03 1.0789208618e+00 -4.4473295847e-05 6.1662915105e-06
2.8294314381e+02 -3.9571511719e-03 1.0792544798e+00 -4.4487047639e-05 6.1681982178e-06
2.8414715719e+02 -3.9583744026e-03 1.0795880979e+00 -4.4500799432e-05 6.1701049252e-06
2.8535117057e+02 -3.9595976333e-03 1.0799217160e+00 -4.4514551224e-05 6.1720116325e-06
2.8655518395e+02 -3.9608208639e-03 1.0802553341e+00 -4.4528303016e-05 6.1739183398e-06
2.8775919732e+02 -3.9620440946e-03 1.0805889522e+00 -4.4542054808e-05 6.1758250472e-06
2.8896321070e+02 -3.9632673252e-03 1.0809225702e+00 -4.4555806600e-05 6.1777317545e-06
2.9016722408e+02 -3.9644905559e-03 1.0812561883e+00 -4.4569558392e-05 6.1796384618e-06
2.9137123746e+02 -3.9657137865e-03 1.0815898064e+00 -4.4583310185e-05 6.1815451692e-06
2.9257525084e+02 -3.9669370172e-03 1.0819234245e+00 -4.4597061977e-05 6.1834518765e-06
2.9377926421e+02 -3.9681602478e-03 1.0822570425e+00 -4.4610813769e-05 6.1853585838e-06
2.9498327759e+02 -3.9693834785e-03 1.0825906606e+00 -4.4624565561e-05 6.1872652912e-06
2.9618729097e+02 -3.9706067092e-03 1.0829242787e+00 -4.4638317353e-05 6.1891719985e-06
2.9739130435e+02 -3.9718299398e-03 1.0832578968e+00 -4.4652069145e-05 6.1910787058e-06
2.9859531773e+02 -3.9730531705e-03 1.0835915149e+00 -4.4665820938e-05 6.1929854131e-06
2.9979933110e+02 -3.9742764011e-03 1.0839251329e+00 -4.4679572730e-05 6.1948921205e-06
3.0100334448e+02 -3.9754996318e-03 1.0842587510e+00 -4.4693324522e-05 6.1967988278e-06
3.0220735786e+02 -3.9767228624e-03 1.0845923691e+00 -4.4707076314e-05 6.1987055351e-06
3.0341137124e+02 -3.9779460931e-03 1.0849259872e+00 -4.4720828106e-05 6.2006122425e-06
3.0461538462e+02 -3.9791693238e-03 1.0852596052e+00 -4.4734579898e-05 6.2025189498e-06
3.0581939799e+02 -3.9803925544e-03 1.0855932233e+00 -4.4748331690e-05 6.2044256571e-06
3.0702341137e+02 -3.9816157851e-03 1.0859268414e+00 -4.4762083483e-05 6.2063323645e-06
3.0822742475e+02 -3.9828390157e-03 1.0862604595e+00 -4.4775835275e-05 6.2082390718e-06
3.0943143813e+02 -3.9840622464e-03 1.0865940775e+00 -4.4789587067e-05 6.2101457791e-06
3.1063545151e+02 -3.9852854770e-03 1.0869276956e+00 -4.4803338859e-05 6.2120524865e-06
3.1183946488e+02 -3.9865087077e-03 1.0872613137e+00 -4.4817090651e-05 6.2139591938e-06
3.1304347826e+02 -3.9877319383e-03 1.0875949318e+00 -4.4830842443e-05 6.2158659011e-06
3.1424749164e+02 -3.9889551690e-03 1.0879285499e+00 -4.4844594236e-05 6.2177726085e-06
3.1545150502e+02 -3.9901783997e-03 1.0882621679e+00 -4.4858346028e-05 6.2196793158e-06
3.1665551839e+02 -3.9914016303e-03 1.0885957860e+00 -4.4872097820e-05 6.2215860231e-06
3.1785953177e+02 -3.9926248610e-03 1.0889294041e+00 -4.4885849612e-05 6.2234927305e-06
3.1906354515e+02 -3.9938480916e-03 1.0892630222e+00 -4.4899601404e-05 6.2253994378e-06
3.2026755853e+02 -3.9950713223e-03 1.0895966402e+00 -4.4913353196e-05 6.2273061451e-06
3.2147157191e+02 -3.9962945529e-03 1.0899302583e+00 -4.4927104989e-05 6.2292128524e-06
3.2267558528e+02 -3.9975177836e-03 1.0902638764e+00 -4.4940856781e-05 6.2311195598e-06
3.2387959866e+02 -3.9987410142e-03 1.0905974945e+00 -4.4954608573e-05 6.2330262671e-06
3.2508361204e+02 -3.9999642449e-03 1.0909311126e+00 -4.4968360365e-05 6.2349329744e-06
3.2628762542e+02 -4.0011874756e-03 1.0912647306e+00 -4.4982112157e-05 6.2368396818e-06
3.2749163880e+02 -4.0024107062e-03 1.0915983487e+00 -4.4995863949e-05 6.2387463891e-06
3.2869565217e+02 -4.0036339369e-03 1.0919319668e+00 -4.5009615742e-05 6.2406530964e-06
3.2989966555e+02 -4.0048571675e-03 1.0922655849e+00 -4.5023367534e-05 6.2425598038e-06
3.3110367893e+02 -4.0060803982e-03 1.0925992029e+00 -4.5037119326e-05 6.2444665111e-06
3.3230769231e+02 -4.0073036288e-03 1.0929328210e+00 -4.5050871118e-05 6.2463732184e-06
3.3351170569e+02 -4.0085268595e-03 1.0932664391e+00 -4.5064622910e-05 6.2482799258e-06
3.3471571906e+02 -4.0097500901e-03 1.0936000572e+00 -4.5078374702e-05 6.2501866331e-06
3.3591973244e+02 -4.0109733208e-03 1.0939336752e+00 -4.5092126494e-05 6.2520933404e-06
3.3712374582e+02 -4.0121965515e-03 1.0942672933e+00 -4.5105878287e-05 6.2540000478e-06
3.3832775920e+02 -4.0134197821e-03 1.0946009114e+00 -4.5119630079e-05 6.2559067551e-06
3.3953177258e+02 -4.0146430128e-03 1.0949345295e+00 -4.5133381871e-05 6.2578134624e-06
3.4073578595e+02 -4.0158662434e-03 1.0952681476e+00 -4.5147133663e-05 6.2597201698e-06
3.4193979933e+02 -4.0170894741e-03 1.0956017656e+00 -4.5160885455e-05 6.2616268771e-06
3.4314381271e+02 -4.0183127047e-03 1.0959353837e+00 -4.5174637247e-05 6.2635335844e-06
3.4434782609e+02 -4.0195359354e-03 1.0962690018e+00 -4.5188389040e-05 6.2654402917e-06
3.4555183946e+02 -4.0207591661e-03 1.0966026199e+00 -4.5202140832e-05 6.2673469991e-06
3.4675585284e+02 -4.0219823967e-03 1.0969362379e+00 -4.5215892624e-05 6.2692537064e-06
3.4795986622e+02 -4.0232056274e-03 1.0972698560e+00 -4.5229644416e-05 6.2711604137e-06
3.4916387960e+02 -4.0244288580e-03 1.0976034741e+00 -4.5243396208e-05 6.2730671211e-06
3.5036789298e+02 -4.0256520887e-03 1.0979370922e+00 -4.5257148000e-05 6.2749738284e-06
3.5157190635e+02 -4.0268753193e-03 1.0982707103e+00 -4.5270899793e-05 6.2768805357e-06
3.5277591973e+02 -4.0280985500e-03 1.0986043283e+00 -4.5284651585e-05 6.2787872431e-06
3.5397993311e+02 -4.0293217806e-03 1.0989379464e+00 -4.5298403377e-05 6.2806939504e-06
3.5518394649e+02 -4.0305450113e-03 1.0992715645e+00 -4.5312155169e-05 6.2826006577e-06
3.5638795987e+02 -4.0317682420e-03 1.0996051826e+00 -4.5325906961e-05 6.2845073651e-06
3.5759197324e+02 -4.0329914726e-03 1.0999388006e+00 -4.5339658753e-05 6.2864140724e-06
3.5879598662e+02 -4.0342147033e-03 1.1002724187e+00 -4.5353410546e-05 6.2883207797e-06
3.6000000000e+02 -4.0354379339e-03 1.1006060368e+00 -4.5367162338e-05 6.2902274871e-06
